27531-0	0	431	1165
27531-0	1	746	2354
27531-0	10	2429	13051
27531-0	11	2599	14211
27531-0	12	2754	15428
27531-0	13	2904	16640
27531-0	14	3072	17852
27531-0	15	3213	19067
27531-0	16	3338	20186
27531-0	17	3444	21334
27531-0	18	3545	22541
27531-0	19	3632	23709
27531-0	2	1023	3515
27531-0	20	3739	24919
27531-0	21	3830	26134
27531-0	22	3938	27314
27531-0	23	4025	28491
27531-0	24	4119	29653
27531-0	25	4224	30868
27531-0	26	4339	32081
27531-0	27	4455	33276
27531-0	28	4577	34474
27531-0	29	4687	35631
27531-0	3	1300	4712
27531-0	30	4779	36817
27531-0	31	4881	38006
27531-0	32	4972	39204
27531-0	33	5069	40380
27531-0	34	5179	41567
27531-0	35	5286	42734
27531-0	36	5387	43863
27531-0	37	5480	45020
27531-0	38	5533	46268
27531-0	39	5603	47456
27531-0	4	1531	5923
27531-0	40	5725	48621
27531-0	41	5837	49790
27531-0	42	5934	50961
27531-0	43	6016	52100
27531-0	44	6123	53223
27531-0	45	6190	54111
27531-0	46	6257	55180
27531-0	47	6340	56282
27531-0	48	6424	57378
27531-0	49	6516	58417
27531-0	5	1732	7113
27531-0	6	1869	8317
27531-0	7	1976	9492
27531-0	8	2123	10705
27531-0	9	2266	11877
DarwinOriginofSpecies	0	925	2934
DarwinOriginofSpecies	1	1421	6135
DarwinOriginofSpecies	10	3678	35433
DarwinOriginofSpecies	11	3786	38623
DarwinOriginofSpecies	12	3870	41829
DarwinOriginofSpecies	13	4059	45067
DarwinOriginofSpecies	14	4220	48312
DarwinOriginofSpecies	15	4270	51573
DarwinOriginofSpecies	16	4393	54853
DarwinOriginofSpecies	17	4496	58063
DarwinOriginofSpecies	18	4710	61307
DarwinOriginofSpecies	19	4833	64586
DarwinOriginofSpecies	2	1806	9377
DarwinOriginofSpecies	20	4946	67847
DarwinOriginofSpecies	21	5103	71209
DarwinOriginofSpecies	22	5258	74651
DarwinOriginofSpecies	23	5334	77854
DarwinOriginofSpecies	24	5432	81026
DarwinOriginofSpecies	25	5508	84198
DarwinOriginofSpecies	26	5553	87302
DarwinOriginofSpecies	27	5690	90509
DarwinOriginofSpecies	28	5760	93687
DarwinOriginofSpecies	29	5837	96868
DarwinOriginofSpecies	3	2199	12654
DarwinOriginofSpecies	30	5907	100072
DarwinOriginofSpecies	31	5956	103264
DarwinOriginofSpecies	32	5996	106483
DarwinOriginofSpecies	33	6063	109658
DarwinOriginofSpecies	34	6168	112912
DarwinOriginofSpecies	35	6246	116153
DarwinOriginofSpecies	36	6301	119362
DarwinOriginofSpecies	37	6393	122644
DarwinOriginofSpecies	38	6450	125875
DarwinOriginofSpecies	39	6476	129067
DarwinOriginofSpecies	4	2439	15872
DarwinOriginofSpecies	40	6540	132216
DarwinOriginofSpecies	41	6597	135432
DarwinOriginofSpecies	42	6664	138709
DarwinOriginofSpecies	43	6718	141996
DarwinOriginofSpecies	44	6740	145120
DarwinOriginofSpecies	45	6756	148315
DarwinOriginofSpecies	46	6828	151533
DarwinOriginofSpecies	47	6868	153810
DarwinOriginofSpecies	48	6886	155840
DarwinOriginofSpecies	49	7126	158865
DarwinOriginofSpecies	5	2644	19098
DarwinOriginofSpecies	6	2882	22372
DarwinOriginofSpecies	7	3175	25713
DarwinOriginofSpecies	8	3386	28971
DarwinOriginofSpecies	9	3584	32247
DickensAChristmasCarol	0	250	486
DickensAChristmasCarol	1	410	920
DickensAChristmasCarol	10	1756	6988
DickensAChristmasCarol	11	1857	7639
DickensAChristmasCarol	12	1971	8324
DickensAChristmasCarol	13	2063	8988
DickensAChristmasCarol	14	2200	9682
DickensAChristmasCarol	15	2287	10365
DickensAChristmasCarol	16	2379	11021
DickensAChristmasCarol	17	2476	11720
DickensAChristmasCarol	18	2549	12402
DickensAChristmasCarol	19	2626	13101
DickensAChristmasCarol	2	661	1598
DickensAChristmasCarol	20	2709	13767
DickensAChristmasCarol	21	2819	14437
DickensAChristmasCarol	22	2919	15099
DickensAChristmasCarol	23	3066	15736
DickensAChristmasCarol	24	3140	16415
DickensAChristmasCarol	25	3211	17079
DickensAChristmasCarol	26	3292	17755
DickensAChristmasCarol	27	3357	18461
DickensAChristmasCarol	28	3446	19133
DickensAChristmasCarol	29	3535	19824
DickensAChristmasCarol	3	828	2287
DickensAChristmasCarol	30	3603	20518
DickensAChristmasCarol	31	3656	21223
DickensAChristmasCarol	32	3725	21901
DickensAChristmasCarol	33	3803	22565
DickensAChristmasCarol	34	3843	23249
DickensAChristmasCarol	35	3936	23935
DickensAChristmasCarol	36	3997	24636
DickensAChristmasCarol	37	4068	25359
DickensAChristmasCarol	38	4115	26059
DickensAChristmasCarol	39	4135	26766
DickensAChristmasCarol	4	954	2919
DickensAChristmasCarol	40	4166	27456
DickensAChristmasCarol	41	4209	28161
DickensAChristmasCarol	42	4261	28869
DickensAChristmasCarol	43	4286	29542
DickensAChristmasCarol	44	4320	30206
DickensAChristmasCarol	45	4391	30820
DickensAChristmasCarol	46	4443	31436
DickensAChristmasCarol	47	4520	32020
DickensAChristmasCarol	48	4583	32600
DickensAChristmasCarol	49	4669	33163
DickensAChristmasCarol	5	1141	3577
DickensAChristmasCarol	6	1256	4285
DickensAChristmasCarol	7	1401	4958
DickensAChristmasCarol	8	1522	5632
DickensAChristmasCarol	9	1645	6320
DickensGreatExpectations	0	1059	3865
DickensGreatExpectations	1	1691	7813
DickensGreatExpectations	10	4963	42376
DickensGreatExpectations	11	5231	46237
DickensGreatExpectations	12	5464	50055
DickensGreatExpectations	13	5662	53858
DickensGreatExpectations	14	5825	57726
DickensGreatExpectations	15	6029	61571
DickensGreatExpectations	16	6267	65429
DickensGreatExpectations	17	6502	69284
DickensGreatExpectations	18	6734	73043
DickensGreatExpectations	19	6945	76768
DickensGreatExpectations	2	2278	11578
DickensGreatExpectations	20	7160	80661
DickensGreatExpectations	21	7329	84476
DickensGreatExpectations	22	7532	88318
DickensGreatExpectations	23	7713	92162
DickensGreatExpectations	24	7880	95969
DickensGreatExpectations	25	8064	99724
DickensGreatExpectations	26	8238	103528
DickensGreatExpectations	27	8439	107286
DickensGreatExpectations	28	8566	111138
DickensGreatExpectations	29	8684	114910
DickensGreatExpectations	3	2665	15473
DickensGreatExpectations	30	8816	118682
DickensGreatExpectations	31	8956	122512
DickensGreatExpectations	32	9058	126530
DickensGreatExpectations	33	9173	130458
DickensGreatExpectations	34	9298	134386
DickensGreatExpectations	35	9409	138381
DickensGreatExpectations	36	9513	142250
DickensGreatExpectations	37	9651	146062
DickensGreatExpectations	38	9776	149898
DickensGreatExpectations	39	9858	153755
DickensGreatExpectations	4	3138	19396
DickensGreatExpectations	40	9947	157653
DickensGreatExpectations	41	10038	161433
DickensGreatExpectations	42	10144	165350
DickensGreatExpectations	43	10258	169268
DickensGreatExpectations	44	10384	173197
DickensGreatExpectations	45	10472	177038
DickensGreatExpectations	46	10591	180921
DickensGreatExpectations	47	10685	184865
DickensGreatExpectations	48	10776	188767
DickensGreatExpectations	49	10985	192047
DickensGreatExpectations	5	3482	23236
DickensGreatExpectations	6	3790	27088
DickensGreatExpectations	7	4114	30949
DickensGreatExpectations	8	4380	34748
DickensGreatExpectations	9	4699	38574
DickensThePickwickPapers	0	1823	5863
DickensThePickwickPapers	1	2864	11859
DickensThePickwickPapers	10	7535	67917
DickensThePickwickPapers	11	7848	74357
DickensThePickwickPapers	12	8166	80483
DickensThePickwickPapers	13	8462	86854
DickensThePickwickPapers	14	8731	93148
DickensThePickwickPapers	15	8986	99447
DickensThePickwickPapers	16	9216	105784
DickensThePickwickPapers	17	9460	112238
DickensThePickwickPapers	18	9692	118600
DickensThePickwickPapers	19	9881	124960
DickensThePickwickPapers	2	3646	18074
DickensThePickwickPapers	20	10117	131001
DickensThePickwickPapers	21	10289	137214
DickensThePickwickPapers	22	10493	143560
DickensThePickwickPapers	23	10697	149921
DickensThePickwickPapers	24	10938	156311
DickensThePickwickPapers	25	11141	162490
DickensThePickwickPapers	26	11341	168819
DickensThePickwickPapers	27	11534	175119
DickensThePickwickPapers	28	11759	181376
DickensThePickwickPapers	29	11904	187511
DickensThePickwickPapers	3	4291	24229
DickensThePickwickPapers	30	12071	193731
DickensThePickwickPapers	31	12302	200024
DickensThePickwickPapers	32	12469	206366
DickensThePickwickPapers	33	12626	212671
DickensThePickwickPapers	34	12800	218980
DickensThePickwickPapers	35	12971	225392
DickensThePickwickPapers	36	13130	231603
DickensThePickwickPapers	37	13319	237895
DickensThePickwickPapers	38	13445	244389
DickensThePickwickPapers	39	13619	250678
DickensThePickwickPapers	4	4925	30439
DickensThePickwickPapers	40	13732	256950
DickensThePickwickPapers	41	13837	263258
DickensThePickwickPapers	42	14001	269801
DickensThePickwickPapers	43	14117	276040
DickensThePickwickPapers	44	14293	282161
DickensThePickwickPapers	45	14441	288559
DickensThePickwickPapers	46	14524	294746
DickensThePickwickPapers	47	14657	301098
DickensThePickwickPapers	48	14741	307344
DickensThePickwickPapers	49	14988	313181
DickensThePickwickPapers	5	5473	36675
DickensThePickwickPapers	6	5930	42801
DickensThePickwickPapers	7	6410	49153
DickensThePickwickPapers	8	6773	55479
DickensThePickwickPapers	9	7180	61744
KiplingJungleBook	0	448	1054
KiplingJungleBook	1	701	2196
KiplingJungleBook	10	1886	12414
KiplingJungleBook	11	2022	13529
KiplingJungleBook	12	2119	14639
KiplingJungleBook	13	2242	15755
KiplingJungleBook	14	2318	16849
KiplingJungleBook	15	2414	17945
KiplingJungleBook	16	2511	19089
KiplingJungleBook	17	2605	20217
KiplingJungleBook	18	2661	21349
KiplingJungleBook	19	2746	22456
KiplingJungleBook	2	896	3359
KiplingJungleBook	20	2809	23563
KiplingJungleBook	21	2877	24601
KiplingJungleBook	22	2987	25696
KiplingJungleBook	23	3083	26832
KiplingJungleBook	24	3165	27964
KiplingJungleBook	25	3247	29080
KiplingJungleBook	26	3318	30208
KiplingJungleBook	27	3371	31349
KiplingJungleBook	28	3462	32419
KiplingJungleBook	29	3528	33590
KiplingJungleBook	3	1059	4509
KiplingJungleBook	30	3582	34719
KiplingJungleBook	31	3631	35880
KiplingJungleBook	32	3661	37038
KiplingJungleBook	33	3712	38148
KiplingJungleBook	34	3819	39248
KiplingJungleBook	35	3914	40364
KiplingJungleBook	36	3973	41476
KiplingJungleBook	37	4051	42581
KiplingJungleBook	38	4116	43660
KiplingJungleBook	39	4173	44776
KiplingJungleBook	4	1211	5652
KiplingJungleBook	40	4234	45859
KiplingJungleBook	41	4311	47010
KiplingJungleBook	42	4357	48181
KiplingJungleBook	43	4418	49320
KiplingJungleBook	44	4468	50483
KiplingJungleBook	45	4534	51625
KiplingJungleBook	46	4638	52621
KiplingJungleBook	47	4735	53590
KiplingJungleBook	48	4869	54535
KiplingJungleBook	49	5003	55425
KiplingJungleBook	5	1309	6842
KiplingJungleBook	6	1415	7958
KiplingJungleBook	7	1538	9069
KiplingJungleBook	8	1644	10171
KiplingJungleBook	9	1775	11292
LondonCallofTheWild	0	355	678
LondonCallofTheWild	1	613	1400
LondonCallofTheWild	10	2056	7887
LondonCallofTheWild	11	2180	8601
LondonCallofTheWild	12	2276	9328
LondonCallofTheWild	13	2372	10050
LondonCallofTheWild	14	2482	10770
LondonCallofTheWild	15	2586	11481
LondonCallofTheWild	16	2677	12217
LondonCallofTheWild	17	2755	12932
LondonCallofTheWild	18	2828	13658
LondonCallofTheWild	19	2911	14394
LondonCallofTheWild	2	826	2119
LondonCallofTheWild	20	2986	15120
LondonCallofTheWild	21	3052	15844
LondonCallofTheWild	22	3160	16559
LondonCallofTheWild	23	3242	17283
LondonCallofTheWild	24	3322	17990
LondonCallofTheWild	25	3391	18713
LondonCallofTheWild	26	3482	19417
LondonCallofTheWild	27	3553	20146
LondonCallofTheWild	28	3617	20879
LondonCallofTheWild	29	3683	21600
LondonCallofTheWild	3	1010	2840
LondonCallofTheWild	30	3775	22324
LondonCallofTheWild	31	3842	23055
LondonCallofTheWild	32	3916	23773
LondonCallofTheWild	33	3982	24491
LondonCallofTheWild	34	4063	25216
LondonCallofTheWild	35	4145	25904
LondonCallofTheWild	36	4235	26609
LondonCallofTheWild	37	4318	27323
LondonCallofTheWild	38	4396	28046
LondonCallofTheWild	39	4440	28757
LondonCallofTheWild	4	1168	3590
LondonCallofTheWild	40	4520	29459
LondonCallofTheWild	41	4593	30172
LondonCallofTheWild	42	4642	30899
LondonCallofTheWild	43	4694	31628
LondonCallofTheWild	44	4749	32346
LondonCallofTheWild	45	4829	33002
LondonCallofTheWild	46	4881	33640
LondonCallofTheWild	47	4963	34263
LondonCallofTheWild	48	5034	34883
LondonCallofTheWild	49	5114	35465
LondonCallofTheWild	5	1331	4311
LondonCallofTheWild	6	1508	5026
LondonCallofTheWild	7	1639	5742
LondonCallofTheWild	8	1781	6454
LondonCallofTheWild	9	1941	7160
pg13314	0	491	1107
pg13314	1	797	2230
pg13314	10	2377	12412
pg13314	11	2527	13536
pg13314	12	2643	14705
pg13314	13	2759	15826
pg13314	14	2897	16982
pg13314	15	3022	18149
pg13314	16	3107	19285
pg13314	17	3186	20440
pg13314	18	3292	21575
pg13314	19	3389	22721
pg13314	2	1050	3378
pg13314	20	3447	23911
pg13314	21	3523	25103
pg13314	22	3623	26249
pg13314	23	3714	27386
pg13314	24	3792	28549
pg13314	25	3848	29720
pg13314	26	3897	30909
pg13314	27	3969	32116
pg13314	28	4025	33302
pg13314	29	4070	34454
pg13314	3	1269	4500
pg13314	30	4128	35633
pg13314	31	4182	36792
pg13314	32	4230	37977
pg13314	33	4291	39115
pg13314	34	4350	40262
pg13314	35	4404	41357
pg13314	36	4463	42479
pg13314	37	4505	43654
pg13314	38	4574	44830
pg13314	39	4629	45992
pg13314	4	1458	5670
pg13314	40	4679	47145
pg13314	41	4737	48278
pg13314	42	4786	49398
pg13314	43	4845	50504
pg13314	44	4892	51668
pg13314	45	4943	52832
pg13314	46	5013	53968
pg13314	47	5115	54991
pg13314	48	5219	55994
pg13314	49	5343	56940
pg13314	5	1626	6813
pg13314	6	1812	7940
pg13314	7	1944	9064
pg13314	8	2082	10170
pg13314	9	2220	11285
pg1410	0	305	631
pg1410	1	539	1292
pg1410	10	2114	7016
pg1410	11	2217	7679
pg1410	12	2380	8297
pg1410	13	2482	8942
pg1410	14	2600	9568
pg1410	15	2672	10217
pg1410	16	2774	10855
pg1410	17	2847	11494
pg1410	18	2953	12149
pg1410	19	3050	12769
pg1410	2	744	1953
pg1410	20	3161	13404
pg1410	21	3268	14055
pg1410	22	3359	14719
pg1410	23	3435	15360
pg1410	24	3489	16002
pg1410	25	3554	16624
pg1410	26	3615	17270
pg1410	27	3675	17917
pg1410	28	3737	18572
pg1410	29	3809	19255
pg1410	3	905	2599
pg1410	30	3893	19899
pg1410	31	3959	20535
pg1410	32	4059	21198
pg1410	33	4147	21822
pg1410	34	4235	22453
pg1410	35	4292	23081
pg1410	36	4337	23728
pg1410	37	4413	24374
pg1410	38	4492	25028
pg1410	39	4545	25674
pg1410	4	1136	3234
pg1410	40	4621	26315
pg1410	41	4677	26972
pg1410	42	4723	27621
pg1410	43	4768	28272
pg1410	44	4841	28768
pg1410	45	4893	29365
pg1410	46	4940	29955
pg1410	47	4999	30526
pg1410	48	5052	31095
pg1410	49	5122	31638
pg1410	5	1339	3866
pg1410	6	1519	4477
pg1410	7	1678	5113
pg1410	8	1841	5739
pg1410	9	1976	6380
pg14458	0	575	1527
pg14458	1	1065	3266
pg14458	10	3255	18759
pg14458	11	3430	20485
pg14458	12	3627	22163
pg14458	13	3752	23890
pg14458	14	3914	25647
pg14458	15	4065	27409
pg14458	16	4218	29124
pg14458	17	4331	30836
pg14458	18	4453	32623
pg14458	19	4600	34396
pg14458	2	1436	5002
pg14458	20	4728	36113
pg14458	21	4837	37872
pg14458	22	4932	39565
pg14458	23	5036	41358
pg14458	24	5124	43104
pg14458	25	5213	44750
pg14458	26	5297	46473
pg14458	27	5376	48198
pg14458	28	5469	49864
pg14458	29	5558	51574
pg14458	3	1730	6710
pg14458	30	5630	53311
pg14458	31	5704	55036
pg14458	32	5776	56705
pg14458	33	5858	58452
pg14458	34	5947	60212
pg14458	35	6019	61926
pg14458	36	6103	63685
pg14458	37	6174	65420
pg14458	38	6244	67140
pg14458	39	6313	68866
pg14458	4	1990	8419
pg14458	40	6387	70591
pg14458	41	6470	72302
pg14458	42	6544	74069
pg14458	43	6619	75819
pg14458	44	6683	77574
pg14458	45	6799	79371
pg14458	46	6919	81126
pg14458	47	7025	82902
pg14458	48	7132	84583
pg14458	49	7236	86247
pg14458	5	2270	10136
pg14458	6	2488	11846
pg14458	7	2692	13635
pg14458	8	2869	15346
pg14458	9	3056	17055
pg17326	0	912	2261
pg17326	1	1476	4636
pg17326	10	4684	25687
pg17326	11	5005	28012
pg17326	12	5267	30309
pg17326	13	5541	32520
pg17326	14	5817	34838
pg17326	15	6036	37096
pg17326	16	6233	39331
pg17326	17	6469	41686
pg17326	18	6709	44058
pg17326	19	6899	46395
pg17326	2	1956	7009
pg17326	20	7083	48707
pg17326	21	7244	50989
pg17326	22	7383	53339
pg17326	23	7519	55668
pg17326	24	7635	57958
pg17326	25	7820	60244
pg17326	26	8009	62471
pg17326	27	8178	64766
pg17326	28	8332	67077
pg17326	29	8469	69467
pg17326	3	2441	9372
pg17326	30	8602	71748
pg17326	31	8743	74084
pg17326	32	8874	76489
pg17326	33	8993	78759
pg17326	34	9130	81054
pg17326	35	9238	83417
pg17326	36	9364	85778
pg17326	37	9478	88119
pg17326	38	9606	90445
pg17326	39	9741	92770
pg17326	4	2844	11722
pg17326	40	9855	95092
pg17326	41	9985	97420
pg17326	42	10068	99743
pg17326	43	10179	102002
pg17326	44	10307	104285
pg17326	45	10404	106573
pg17326	46	10488	108865
pg17326	47	10617	111229
pg17326	48	10713	113565
pg17326	49	10855	115736
pg17326	5	3221	14117
pg17326	6	3539	16505
pg17326	7	3820	18841
pg17326	8	4096	21134
pg17326	9	4424	23421
pg20826	0	647	1553
pg20826	1	998	3143
pg20826	10	3138	17873
pg20826	11	3321	19535
pg20826	12	3517	21136
pg20826	13	3721	22771
pg20826	14	3874	24510
pg20826	15	4018	26226
pg20826	16	4177	27872
pg20826	17	4345	29584
pg20826	18	4508	31281
pg20826	19	4674	32917
pg20826	2	1213	4660
pg20826	20	4817	34567
pg20826	21	4946	36301
pg20826	22	5046	38049
pg20826	23	5125	39792
pg20826	24	5207	41535
pg20826	25	5356	43134
pg20826	26	5463	44917
pg20826	27	5551	46620
pg20826	28	5664	48302
pg20826	29	5786	49923
pg20826	3	1588	6115
pg20826	30	5887	51556
pg20826	31	5960	53165
pg20826	32	6044	54799
pg20826	33	6171	56399
pg20826	34	6255	58080
pg20826	35	6363	59742
pg20826	36	6475	61410
pg20826	37	6567	63101
pg20826	38	6664	64769
pg20826	39	6779	66464
pg20826	4	1915	7631
pg20826	40	6867	68201
pg20826	41	6960	69884
pg20826	42	7043	71571
pg20826	43	7137	73268
pg20826	44	7202	74981
pg20826	45	7296	76665
pg20826	46	7386	78346
pg20826	47	7464	79975
pg20826	48	7574	81491
pg20826	49	7723	82915
pg20826	5	2260	9242
pg20826	6	2524	10882
pg20826	7	2754	12631
pg20826	8	2898	14401
pg20826	9	3025	16136
pg20939	0	195	338
pg20939	1	392	806
pg20939	10	1519	4971
pg20939	11	1599	5424
pg20939	12	1675	5911
pg20939	13	1740	6392
pg20939	14	1805	6855
pg20939	15	1906	7306
pg20939	16	1991	7752
pg20939	17	2086	8197
pg20939	18	2162	8636
pg20939	19	2248	9094
pg20939	2	559	1291
pg20939	20	2307	9579
pg20939	21	2378	10033
pg20939	22	2442	10493
pg20939	23	2521	10946
pg20939	24	2581	11416
pg20939	25	2636	11889
pg20939	26	2698	12355
pg20939	27	2769	12814
pg20939	28	2814	13273
pg20939	29	2863	13736
pg20939	3	700	1768
pg20939	30	2909	14204
pg20939	31	2954	14710
pg20939	32	3015	15183
pg20939	33	3074	15598
pg20939	34	3126	16074
pg20939	35	3167	16596
pg20939	36	3209	17063
pg20939	37	3267	17512
pg20939	38	3324	17977
pg20939	39	3402	18431
pg20939	4	853	2203
pg20939	40	3479	18912
pg20939	41	3548	19440
pg20939	42	3586	19898
pg20939	43	3651	20338
pg20939	44	3688	20763
pg20939	45	3735	21205
pg20939	46	3798	21614
pg20939	47	3852	22043
pg20939	48	3910	22430
pg20939	49	3967	22838
pg20939	5	1002	2646
pg20939	6	1131	3108
pg20939	7	1236	3585
pg20939	8	1333	4064
pg20939	9	1444	4512
pg22082	0	47	70
pg22082	1	81	141
pg22082	10	323	819
pg22082	11	346	894
pg22082	12	363	962
pg22082	13	373	1037
pg22082	14	389	1113
pg22082	15	404	1201
pg22082	16	417	1274
pg22082	17	431	1358
pg22082	18	447	1430
pg22082	19	460	1509
pg22082	2	120	219
pg22082	20	474	1577
pg22082	21	481	1660
pg22082	22	489	1742
pg22082	23	497	1812
pg22082	24	502	1892
pg22082	25	522	1963
pg22082	26	529	2047
pg22082	27	548	2115
pg22082	28	562	2177
pg22082	29	574	2266
pg22082	3	141	304
pg22082	30	581	2338
pg22082	31	592	2404
pg22082	32	615	2478
pg22082	33	628	2547
pg22082	34	639	2629
pg22082	35	647	2703
pg22082	36	661	2789
pg22082	37	675	2854
pg22082	38	686	2927
pg22082	39	701	3000
pg22082	4	163	375
pg22082	40	717	3067
pg22082	41	726	3129
pg22082	42	748	3207
pg22082	43	759	3266
pg22082	44	774	3332
pg22082	45	790	3406
pg22082	46	807	3473
pg22082	47	822	3542
pg22082	48	838	3622
pg22082	49	849	3690
pg22082	5	191	458
pg22082	6	227	522
pg22082	7	236	593
pg22082	8	264	670
pg22082	9	294	744
pg22566	0	355	865
pg22566	1	615	1635
pg22566	10	1793	10124
pg22566	11	1883	11043
pg22566	12	1972	12001
pg22566	13	2041	12948
pg22566	14	2139	13893
pg22566	15	2218	14814
pg22566	16	2322	15733
pg22566	17	2398	16642
pg22566	18	2463	17582
pg22566	19	2540	18535
pg22566	2	849	2577
pg22566	20	2618	19484
pg22566	21	2682	20446
pg22566	22	2782	21365
pg22566	23	2843	22304
pg22566	24	2924	23207
pg22566	25	2992	24152
pg22566	26	3060	25090
pg22566	27	3103	26036
pg22566	28	3151	26974
pg22566	29	3222	27905
pg22566	3	1012	3520
pg22566	30	3290	28832
pg22566	31	3325	29792
pg22566	32	3362	30772
pg22566	33	3413	31699
pg22566	34	3501	32624
pg22566	35	3562	33580
pg22566	36	3651	34493
pg22566	37	3717	35439
pg22566	38	3781	36380
pg22566	39	3858	37286
pg22566	4	1174	4468
pg22566	40	3915	38258
pg22566	41	3984	39209
pg22566	42	4027	40129
pg22566	43	4082	41060
pg22566	44	4122	41985
pg22566	45	4162	42935
pg22566	46	4237	43805
pg22566	47	4314	44627
pg22566	48	4416	45432
pg22566	49	4518	46195
pg22566	5	1288	5434
pg22566	6	1395	6374
pg22566	7	1499	7347
pg22566	8	1607	8255
pg22566	9	1695	9187
pg2482	0	151	271
pg2482	1	262	566
pg2482	10	970	3034
pg2482	11	1056	3319
pg2482	12	1123	3608
pg2482	13	1207	3891
pg2482	14	1276	4176
pg2482	15	1343	4462
pg2482	16	1405	4748
pg2482	17	1451	5038
pg2482	18	1521	5337
pg2482	19	1582	5635
pg2482	2	370	843
pg2482	20	1655	5908
pg2482	21	1722	6192
pg2482	22	1773	6484
pg2482	23	1815	6782
pg2482	24	1863	7049
pg2482	25	1912	7341
pg2482	26	1941	7635
pg2482	27	1980	7932
pg2482	28	2032	8225
pg2482	29	2080	8516
pg2482	3	442	1145
pg2482	30	2137	8800
pg2482	31	2165	9092
pg2482	32	2208	9386
pg2482	33	2253	9680
pg2482	34	2282	9972
pg2482	35	2321	10279
pg2482	36	2363	10568
pg2482	37	2404	10856
pg2482	38	2450	11147
pg2482	39	2497	11441
pg2482	4	504	1415
pg2482	40	2535	11739
pg2482	41	2584	12044
pg2482	42	2616	12325
pg2482	43	2639	12618
pg2482	44	2680	12906
pg2482	45	2722	13203
pg2482	46	2755	13500
pg2482	47	2789	13791
pg2482	48	2828	14089
pg2482	49	2867	14370
pg2482	5	566	1677
pg2482	6	622	1913
pg2482	7	708	2176
pg2482	8	802	2450
pg2482	9	893	2732
pg30896	0	1898	7132
pg30896	1	3226	15022
pg30896	10	8892	86677
pg30896	11	9250	94663
pg30896	12	9713	102487
pg30896	13	10036	110601
pg30896	14	10335	118451
pg30896	15	10679	126254
pg30896	16	11027	134152
pg30896	17	11308	142278
pg30896	18	11610	150355
pg30896	19	11897	158267
pg30896	2	4255	22895
pg30896	20	12136	166311
pg30896	21	12427	174358
pg30896	22	12701	182389
pg30896	23	12934	190536
pg30896	24	13211	198498
pg30896	25	13460	206503
pg30896	26	13697	214408
pg30896	27	13895	222341
pg30896	28	14126	230250
pg30896	29	14351	238309
pg30896	3	5054	30740
pg30896	30	14594	246295
pg30896	31	14780	254311
pg30896	32	15014	262155
pg30896	33	15203	270260
pg30896	34	15353	278171
pg30896	35	15458	286184
pg30896	36	15620	294187
pg30896	37	15750	302095
pg30896	38	15879	310013
pg30896	39	16003	318142
pg30896	4	5680	38790
pg30896	40	16247	326181
pg30896	41	16379	334206
pg30896	42	16556	342195
pg30896	43	16705	350062
pg30896	44	16830	358135
pg30896	45	16936	366188
pg30896	46	17032	374316
pg30896	47	17213	382480
pg30896	48	17337	390603
pg30896	49	17695	397642
pg30896	5	6421	46689
pg30896	6	6984	54720
pg30896	7	7557	62632
pg30896	8	7967	70765
pg30896	9	8456	78728
pg31151	0	744	1749
pg31151	1	1242	3383
pg31151	10	5007	22982
pg31151	11	5364	25234
pg31151	12	5737	27500
pg31151	13	5987	29695
pg31151	14	6237	31842
pg31151	15	6521	34162
pg31151	16	6785	36453
pg31151	17	7039	38741
pg31151	18	7303	41030
pg31151	19	7532	43288
pg31151	2	1726	5435
pg31151	20	7788	45596
pg31151	21	8005	47801
pg31151	22	8237	49782
pg31151	23	8420	52044
pg31151	24	8647	54344
pg31151	25	8843	56641
pg31151	26	9024	58968
pg31151	27	9249	61220
pg31151	28	9415	63507
pg31151	29	9566	65622
pg31151	3	2241	7663
pg31151	30	9841	67650
pg31151	31	10029	69848
pg31151	32	10262	72144
pg31151	33	10523	74471
pg31151	34	10771	76801
pg31151	35	10990	79048
pg31151	36	11206	81417
pg31151	37	11363	83476
pg31151	38	11519	85639
pg31151	39	11683	87886
pg31151	4	2649	9895
pg31151	40	11796	90085
pg31151	41	11939	92433
pg31151	42	12080	94705
pg31151	43	12225	97014
pg31151	44	12454	99105
pg31151	45	12583	100803
pg31151	46	12596	102156
pg31151	47	12709	103822
pg31151	48	12864	105660
pg31151	49	13020	107715
pg31151	5	3090	12150
pg31151	6	3584	14213
pg31151	7	3958	16434
pg31151	8	4324	18674
pg31151	9	4696	20852
pg31796	0	649	1598
pg31796	1	1182	3702
pg31796	10	3424	22046
pg31796	11	3588	24154
pg31796	12	3788	26218
pg31796	13	3950	28246
pg31796	14	4090	30262
pg31796	15	4231	32026
pg31796	16	4350	34036
pg31796	17	4453	36138
pg31796	18	4530	38209
pg31796	19	4594	40157
pg31796	2	1518	5740
pg31796	20	4702	42213
pg31796	21	4817	44228
pg31796	22	4913	46283
pg31796	23	5003	48609
pg31796	24	5063	50845
pg31796	25	5116	53047
pg31796	26	5240	55102
pg31796	27	5348	57156
pg31796	28	5412	59238
pg31796	29	5542	61260
pg31796	3	1865	7785
pg31796	30	5633	63308
pg31796	31	5826	65303
pg31796	32	5991	67409
pg31796	33	6061	69482
pg31796	34	6146	71570
pg31796	35	6228	73656
pg31796	36	6363	75755
pg31796	37	6546	77920
pg31796	38	6651	79993
pg31796	39	6748	82038
pg31796	4	2221	9895
pg31796	40	6875	84082
pg31796	41	6983	86129
pg31796	42	7097	88105
pg31796	43	7193	90139
pg31796	44	7293	92207
pg31796	45	7414	94247
pg31796	46	7502	96335
pg31796	47	7576	98413
pg31796	48	7697	100419
pg31796	49	7841	102334
pg31796	5	2421	12002
pg31796	6	2642	13952
pg31796	7	2876	15951
pg31796	8	3098	17882
pg31796	9	3235	19991
pg34381	0	884	2230
pg34381	1	1471	4746
pg34381	10	5244	28005
pg34381	11	5535	30569
pg34381	12	5809	33183
pg34381	13	6049	35736
pg34381	14	6279	38242
pg34381	15	6557	40785
pg34381	16	6799	43313
pg34381	17	7046	45811
pg34381	18	7226	48282
pg34381	19	7460	50829
pg34381	2	2070	7296
pg34381	20	7644	53337
pg34381	21	7836	55848
pg34381	22	8065	58407
pg34381	23	8270	60965
pg34381	24	8452	63475
pg34381	25	8694	66020
pg34381	26	8852	68553
pg34381	27	9019	71160
pg34381	28	9219	73706
pg34381	29	9388	76249
pg34381	3	2623	9905
pg34381	30	9542	78810
pg34381	31	9723	81319
pg34381	32	9893	83891
pg34381	33	10035	86424
pg34381	34	10178	88960
pg34381	35	10280	91490
pg34381	36	10384	93978
pg34381	37	10529	96537
pg34381	38	10658	99007
pg34381	39	10803	101537
pg34381	4	3082	12452
pg34381	40	10928	104097
pg34381	41	11025	106624
pg34381	42	11130	109157
pg34381	43	11269	111697
pg34381	44	11457	114264
pg34381	45	11619	116840
pg34381	46	11774	119413
pg34381	47	11965	121618
pg34381	48	12136	123687
pg34381	49	12294	126042
pg34381	5	3537	15032
pg34381	6	3961	17629
pg34381	7	4320	20201
pg34381	8	4657	22799
pg34381	9	4949	25388
pg37766	0	262	510
pg37766	1	451	1057
pg37766	10	1607	6025
pg37766	11	1693	6592
pg37766	12	1762	7157
pg37766	13	1834	7718
pg37766	14	1931	8291
pg37766	15	2014	8840
pg37766	16	2096	9423
pg37766	17	2184	9986
pg37766	18	2264	10576
pg37766	19	2335	11140
pg37766	2	648	1570
pg37766	20	2393	11710
pg37766	21	2444	12277
pg37766	22	2500	12830
pg37766	23	2549	13394
pg37766	24	2595	13967
pg37766	25	2655	14555
pg37766	26	2700	15136
pg37766	27	2747	15737
pg37766	28	2797	16331
pg37766	29	2850	16919
pg37766	3	830	2127
pg37766	30	2888	17509
pg37766	31	2922	18107
pg37766	32	2981	18683
pg37766	33	3033	19280
pg37766	34	3072	19882
pg37766	35	3137	20445
pg37766	36	3199	21031
pg37766	37	3249	21595
pg37766	38	3283	22193
pg37766	39	3334	22770
pg37766	4	950	2670
pg37766	40	3375	23373
pg37766	41	3415	23961
pg37766	42	3462	24529
pg37766	43	3487	25093
pg37766	44	3554	25601
pg37766	45	3602	26130
pg37766	46	3659	26627
pg37766	47	3729	27133
pg37766	48	3801	27615
pg37766	49	3862	28090
pg37766	5	1078	3239
pg37766	6	1186	3782
pg37766	7	1305	4341
pg37766	8	1420	4899
pg37766	9	1515	5454
pg38498	0	691	1560
pg38498	1	1224	3212
pg38498	10	3861	18195
pg38498	11	4035	19875
pg38498	12	4193	21621
pg38498	13	4378	23331
pg38498	14	4598	24986
pg38498	15	4777	26690
pg38498	16	4963	28370
pg38498	17	5132	30035
pg38498	18	5283	31754
pg38498	19	5408	33454
pg38498	2	1656	4808
pg38498	20	5553	35144
pg38498	21	5722	36784
pg38498	22	5850	38457
pg38498	23	6004	40112
pg38498	24	6126	41802
pg38498	25	6266	43472
pg38498	26	6377	45199
pg38498	27	6528	46875
pg38498	28	6621	48604
pg38498	29	6735	50357
pg38498	3	2014	6490
pg38498	30	6885	51965
pg38498	31	6977	53637
pg38498	32	7108	55294
pg38498	33	7261	56892
pg38498	34	7398	58526
pg38498	35	7515	60138
pg38498	36	7644	61787
pg38498	37	7781	63379
pg38498	38	7970	64966
pg38498	39	8098	66597
pg38498	4	2311	8207
pg38498	40	8214	68198
pg38498	41	8305	69893
pg38498	42	8415	71520
pg38498	43	8523	73180
pg38498	44	8595	74802
pg38498	45	8719	76418
pg38498	46	8961	77919
pg38498	47	9167	79431
pg38498	48	9280	80951
pg38498	49	9414	82361
pg38498	5	2623	9847
pg38498	6	2877	11561
pg38498	7	3159	13232
pg38498	8	3410	14865
pg38498	9	3657	16545
pg4064	0	324	723
pg4064	1	540	1465
pg4064	10	2072	8634
pg4064	11	2154	9477
pg4064	12	2261	10365
pg4064	13	2390	11190
pg4064	14	2505	12012
pg4064	15	2611	12838
pg4064	16	2700	13678
pg4064	17	2814	14488
pg4064	18	2913	15356
pg4064	19	2977	16193
pg4064	2	689	2157
pg4064	20	3083	17027
pg4064	21	3202	17839
pg4064	22	3304	18654
pg4064	23	3378	19504
pg4064	24	3446	20383
pg4064	25	3489	21277
pg4064	26	3567	22150
pg4064	27	3689	22962
pg4064	28	3793	23766
pg4064	29	3904	24573
pg4064	3	919	2884
pg4064	30	4020	25379
pg4064	31	4130	26172
pg4064	32	4189	27041
pg4064	33	4269	27874
pg4064	34	4373	28661
pg4064	35	4452	29469
pg4064	36	4520	30294
pg4064	37	4563	31167
pg4064	38	4670	31898
pg4064	39	4796	32685
pg4064	4	1163	3697
pg4064	40	4867	33535
pg4064	41	4943	34371
pg4064	42	5032	35155
pg4064	43	5093	36022
pg4064	44	5179	36901
pg4064	45	5276	37735
pg4064	46	5345	38583
pg4064	47	5437	39416
pg4064	48	5494	40238
pg4064	49	5583	41071
pg4064	5	1344	4513
pg4064	6	1535	5318
pg4064	7	1664	6156
pg4064	8	1837	6981
pg4064	9	1973	7816
pg4228	0	106	159
pg4228	1	202	342
pg4228	10	787	1918
pg4228	11	844	2089
pg4228	12	908	2269
pg4228	13	948	2451
pg4228	14	1004	2612
pg4228	15	1048	2798
pg4228	16	1097	2968
pg4228	17	1142	3147
pg4228	18	1186	3321
pg4228	19	1234	3493
pg4228	2	283	517
pg4228	20	1269	3655
pg4228	21	1321	3843
pg4228	22	1362	4026
pg4228	23	1397	4199
pg4228	24	1441	4374
pg4228	25	1497	4555
pg4228	26	1535	4728
pg4228	27	1585	4903
pg4228	28	1621	5076
pg4228	29	1655	5267
pg4228	3	370	694
pg4228	30	1691	5432
pg4228	31	1750	5589
pg4228	32	1792	5746
pg4228	33	1823	5908
pg4228	34	1842	6097
pg4228	35	1866	6277
pg4228	36	1888	6452
pg4228	37	1904	6626
pg4228	38	1918	6788
pg4228	39	1946	6967
pg4228	4	450	867
pg4228	40	1973	7134
pg4228	41	1990	7300
pg4228	42	2026	7453
pg4228	43	2047	7641
pg4228	44	2072	7800
pg4228	45	2095	7963
pg4228	46	2124	8111
pg4228	47	2157	8265
pg4228	48	2188	8422
pg4228	49	2210	8587
pg4228	5	521	1045
pg4228	6	586	1211
pg4228	7	632	1388
pg4228	8	684	1570
pg4228	9	733	1733
pg43550	0	1064	3294
pg43550	1	1694	6632
pg43550	10	5043	37115
pg43550	11	5316	40539
pg43550	12	5541	43889
pg43550	13	5740	47273
pg43550	14	5907	50479
pg43550	15	6098	53771
pg43550	16	6324	57056
pg43550	17	6508	60474
pg43550	18	6734	63961
pg43550	19	6898	67400
pg43550	2	2183	9959
pg43550	20	7141	70715
pg43550	21	7343	74084
pg43550	22	7510	77437
pg43550	23	7643	80867
pg43550	24	7785	84378
pg43550	25	7962	87803
pg43550	26	8119	91179
pg43550	27	8248	94629
pg43550	28	8419	98047
pg43550	29	8553	101439
pg43550	3	2672	13224
pg43550	30	8700	104874
pg43550	31	8825	108122
pg43550	32	8977	111436
pg43550	33	9132	114684
pg43550	34	9204	118186
pg43550	35	9286	121638
pg43550	36	9392	125000
pg43550	37	9494	128498
pg43550	38	9629	132015
pg43550	39	9748	135430
pg43550	4	3082	16540
pg43550	40	9875	138763
pg43550	41	9968	141990
pg43550	42	10072	145318
pg43550	43	10155	148723
pg43550	44	10263	151982
pg43550	45	10345	155216
pg43550	46	10435	158587
pg43550	47	10544	161906
pg43550	48	10641	165140
pg43550	49	10808	168236
pg43550	5	3491	19876
pg43550	6	3757	23320
pg43550	7	4063	26790
pg43550	8	4446	30132
pg43550	9	4742	33607
pg4358	0	398	896
pg4358	1	653	1871
pg4358	10	1925	10438
pg4358	11	2075	11362
pg4358	12	2188	12310
pg4358	13	2275	13227
pg4358	14	2386	14155
pg4358	15	2466	15088
pg4358	16	2540	16003
pg4358	17	2616	16966
pg4358	18	2681	17900
pg4358	19	2764	18849
pg4358	2	855	2884
pg4358	20	2835	19777
pg4358	21	2893	20734
pg4358	22	2981	21670
pg4358	23	3040	22602
pg4358	24	3107	23535
pg4358	25	3191	24516
pg4358	26	3264	25439
pg4358	27	3343	26366
pg4358	28	3405	27370
pg4358	29	3472	28311
pg4358	3	1061	3822
pg4358	30	3528	29365
pg4358	31	3575	30391
pg4358	32	3623	31361
pg4358	33	3691	32290
pg4358	34	3744	33252
pg4358	35	3787	34217
pg4358	36	3827	35171
pg4358	37	3883	36167
pg4358	38	3916	37129
pg4358	39	3968	38090
pg4358	4	1191	4808
pg4358	40	4029	39023
pg4358	41	4065	40013
pg4358	42	4131	40935
pg4358	43	4177	41917
pg4358	44	4218	42901
pg4358	45	4259	43858
pg4358	46	4340	44705
pg4358	47	4412	45546
pg4358	48	4516	46358
pg4358	49	4623	47122
pg4358	5	1345	5746
pg4358	6	1459	6687
pg4358	7	1624	7603
pg4358	8	1754	8521
pg4358	9	1845	9456
pg4361	0	1881	7227
pg4361	1	2901	14412
pg4361	10	7189	80628
pg4361	11	7440	87945
pg4361	12	7745	94780
pg4361	13	7927	101886
pg4361	14	8157	109114
pg4361	15	8416	116236
pg4361	16	8678	123228
pg4361	17	8845	130644
pg4361	18	9011	137956
pg4361	19	9303	145129
pg4361	2	3682	21817
pg4361	20	9439	152351
pg4361	21	9585	159548
pg4361	22	9727	166687
pg4361	23	9905	173904
pg4361	24	10032	181319
pg4361	25	10149	188264
pg4361	26	10271	195528
pg4361	27	10370	202699
pg4361	28	10484	209981
pg4361	29	10597	217162
pg4361	3	4336	29289
pg4361	30	10782	224425
pg4361	31	10957	231534
pg4361	32	11065	238677
pg4361	33	11195	245781
pg4361	34	11341	253094
pg4361	35	11436	260282
pg4361	36	11563	267346
pg4361	37	11691	274474
pg4361	38	11832	281672
pg4361	39	11958	288919
pg4361	4	4844	36704
pg4361	40	12057	296160
pg4361	41	12138	303308
pg4361	42	12260	310441
pg4361	43	12345	317575
pg4361	44	12456	324673
pg4361	45	12594	331813
pg4361	46	12775	338856
pg4361	47	12906	346082
pg4361	48	13054	353162
pg4361	49	13278	360004
pg4361	5	5297	44087
pg4361	6	5760	51510
pg4361	7	6155	58858
pg4361	8	6537	66101
pg4361	9	6888	73333
pg6087	0	147	240
pg6087	1	316	576
pg6087	10	1261	3454
pg6087	11	1360	3768
pg6087	12	1437	4087
pg6087	13	1515	4408
pg6087	14	1580	4735
pg6087	15	1647	5047
pg6087	16	1725	5379
pg6087	17	1797	5700
pg6087	18	1853	6022
pg6087	19	1915	6365
pg6087	2	465	917
pg6087	20	1980	6689
pg6087	21	2029	7032
pg6087	22	2082	7360
pg6087	23	2140	7681
pg6087	24	2190	8026
pg6087	25	2233	8359
pg6087	26	2292	8704
pg6087	27	2340	9033
pg6087	28	2376	9363
pg6087	29	2417	9701
pg6087	3	594	1253
pg6087	30	2460	10032
pg6087	31	2505	10364
pg6087	32	2541	10698
pg6087	33	2579	11035
pg6087	34	2614	11288
pg6087	35	2688	11630
pg6087	36	2750	11968
pg6087	37	2830	12297
pg6087	38	2887	12647
pg6087	39	2933	12950
pg6087	4	686	1567
pg6087	40	2990	13243
pg6087	41	3016	13566
pg6087	42	3044	13879
pg6087	43	3071	14180
pg6087	44	3109	14481
pg6087	45	3150	14768
pg6087	46	3185	15075
pg6087	47	3218	15358
pg6087	48	3269	15632
pg6087	49	3305	15922
pg6087	5	780	1892
pg6087	6	876	2175
pg6087	7	973	2492
pg6087	8	1085	2818
pg6087	9	1175	3116
PoeWorksVol1	0	771	1790
PoeWorksVol1	1	1318	3680
PoeWorksVol1	10	4147	20805
PoeWorksVol1	11	4311	22755
PoeWorksVol1	12	4449	24598
PoeWorksVol1	13	4588	26465
PoeWorksVol1	14	4783	28351
PoeWorksVol1	15	5068	30221
PoeWorksVol1	16	5309	32187
PoeWorksVol1	17	5504	34237
PoeWorksVol1	18	5669	36247
PoeWorksVol1	19	5854	38182
PoeWorksVol1	2	1816	5572
PoeWorksVol1	20	5986	40130
PoeWorksVol1	21	6106	41901
PoeWorksVol1	22	6211	43775
PoeWorksVol1	23	6465	45653
PoeWorksVol1	24	6679	47510
PoeWorksVol1	25	6853	49380
PoeWorksVol1	26	7014	51277
PoeWorksVol1	27	7143	53183
PoeWorksVol1	28	7236	55067
PoeWorksVol1	29	7329	56992
PoeWorksVol1	3	2207	7433
PoeWorksVol1	30	7445	58916
PoeWorksVol1	31	7600	60838
PoeWorksVol1	32	7732	62667
PoeWorksVol1	33	7844	64604
PoeWorksVol1	34	7941	66522
PoeWorksVol1	35	8044	68441
PoeWorksVol1	36	8124	70371
PoeWorksVol1	37	8208	72244
PoeWorksVol1	38	8289	74178
PoeWorksVol1	39	8363	76090
PoeWorksVol1	4	2552	9352
PoeWorksVol1	40	8437	78030
PoeWorksVol1	41	8521	79965
PoeWorksVol1	42	8662	81751
PoeWorksVol1	43	8770	83585
PoeWorksVol1	44	8868	85514
PoeWorksVol1	45	9015	87409
PoeWorksVol1	46	9142	89347
PoeWorksVol1	47	9296	91266
PoeWorksVol1	48	9410	93113
PoeWorksVol1	49	9546	94785
PoeWorksVol1	5	2932	11258
PoeWorksVol1	6	3252	13172
PoeWorksVol1	7	3530	15093
PoeWorksVol1	8	3763	16927
PoeWorksVol1	9	3960	18858
PoeWorksVol2	0	714	1946
PoeWorksVol2	1	1145	3957
PoeWorksVol2	10	4011	22398
PoeWorksVol2	11	4260	24347
PoeWorksVol2	12	4448	26270
PoeWorksVol2	13	4645	28231
PoeWorksVol2	14	4815	30225
PoeWorksVol2	15	5026	32295
PoeWorksVol2	16	5243	34355
PoeWorksVol2	17	5474	36327
PoeWorksVol2	18	5687	38188
PoeWorksVol2	19	5901	40159
PoeWorksVol2	2	1548	5916
PoeWorksVol2	20	6068	42244
PoeWorksVol2	21	6276	44294
PoeWorksVol2	22	6477	46329
PoeWorksVol2	23	6635	48336
PoeWorksVol2	24	6820	50384
PoeWorksVol2	25	7017	52401
PoeWorksVol2	26	7183	54383
PoeWorksVol2	27	7384	56336
PoeWorksVol2	28	7545	58360
PoeWorksVol2	29	7673	60466
PoeWorksVol2	3	1951	7940
PoeWorksVol2	30	7795	62505
PoeWorksVol2	31	7982	64443
PoeWorksVol2	32	8114	66387
PoeWorksVol2	33	8242	68399
PoeWorksVol2	34	8396	70330
PoeWorksVol2	35	8554	72288
PoeWorksVol2	36	8726	74237
PoeWorksVol2	37	8851	76247
PoeWorksVol2	38	8975	78276
PoeWorksVol2	39	9124	80257
PoeWorksVol2	4	2341	9996
PoeWorksVol2	40	9279	82208
PoeWorksVol2	41	9411	84222
PoeWorksVol2	42	9541	86231
PoeWorksVol2	43	9627	88392
PoeWorksVol2	44	9738	90419
PoeWorksVol2	45	9849	92398
PoeWorksVol2	46	9957	94466
PoeWorksVol2	47	10168	96400
PoeWorksVol2	48	10301	98273
PoeWorksVol2	49	10447	100050
PoeWorksVol2	5	2692	11995
PoeWorksVol2	6	3045	14028
PoeWorksVol2	7	3346	16101
PoeWorksVol2	8	3562	18328
PoeWorksVol2	9	3762	20382
RiceBurroughsAprincessofMars	0	581	1421
RiceBurroughsAprincessofMars	1	999	2847
RiceBurroughsAprincessofMars	10	3065	15534
RiceBurroughsAprincessofMars	11	3220	16914
RiceBurroughsAprincessofMars	12	3407	18305
RiceBurroughsAprincessofMars	13	3558	19742
RiceBurroughsAprincessofMars	14	3702	21138
RiceBurroughsAprincessofMars	15	3825	22586
RiceBurroughsAprincessofMars	16	3925	24023
RiceBurroughsAprincessofMars	17	4063	25389
RiceBurroughsAprincessofMars	18	4173	26780
RiceBurroughsAprincessofMars	19	4291	28161
RiceBurroughsAprincessofMars	2	1303	4290
RiceBurroughsAprincessofMars	20	4420	29617
RiceBurroughsAprincessofMars	21	4521	31075
RiceBurroughsAprincessofMars	22	4624	32541
RiceBurroughsAprincessofMars	23	4716	33981
RiceBurroughsAprincessofMars	24	4797	35408
RiceBurroughsAprincessofMars	25	4902	36833
RiceBurroughsAprincessofMars	26	4974	38314
RiceBurroughsAprincessofMars	27	5045	39752
RiceBurroughsAprincessofMars	28	5110	41208
RiceBurroughsAprincessofMars	29	5181	42675
RiceBurroughsAprincessofMars	3	1581	5730
RiceBurroughsAprincessofMars	30	5274	44107
RiceBurroughsAprincessofMars	31	5353	45531
RiceBurroughsAprincessofMars	32	5432	47021
RiceBurroughsAprincessofMars	33	5524	48470
RiceBurroughsAprincessofMars	34	5653	49854
RiceBurroughsAprincessofMars	35	5753	51270
RiceBurroughsAprincessofMars	36	5828	52666
RiceBurroughsAprincessofMars	37	5888	54100
RiceBurroughsAprincessofMars	38	5953	55539
RiceBurroughsAprincessofMars	39	6010	56972
RiceBurroughsAprincessofMars	4	1862	7164
RiceBurroughsAprincessofMars	40	6083	58444
RiceBurroughsAprincessofMars	41	6139	59871
RiceBurroughsAprincessofMars	42	6207	61279
RiceBurroughsAprincessofMars	43	6262	62700
RiceBurroughsAprincessofMars	44	6331	64099
RiceBurroughsAprincessofMars	45	6391	65475
RiceBurroughsAprincessofMars	46	6464	66920
RiceBurroughsAprincessofMars	47	6560	68336
RiceBurroughsAprincessofMars	48	6660	69599
RiceBurroughsAprincessofMars	49	6786	70812
RiceBurroughsAprincessofMars	5	2070	8568
RiceBurroughsAprincessofMars	6	2305	9910
RiceBurroughsAprincessofMars	7	2528	11319
RiceBurroughsAprincessofMars	8	2733	12743
RiceBurroughsAprincessofMars	9	2904	14147
WellsTimeMachine	0	310	678
WellsTimeMachine	1	507	1382
WellsTimeMachine	10	1819	7869
WellsTimeMachine	11	1953	8568
WellsTimeMachine	12	2076	9291
WellsTimeMachine	13	2202	9997
WellsTimeMachine	14	2343	10695
WellsTimeMachine	15	2448	11381
WellsTimeMachine	16	2534	12109
WellsTimeMachine	17	2636	12849
WellsTimeMachine	18	2724	13614
WellsTimeMachine	19	2840	14318
WellsTimeMachine	2	680	2053
WellsTimeMachine	20	2928	15066
WellsTimeMachine	21	3013	15799
WellsTimeMachine	22	3091	16528
WellsTimeMachine	23	3175	17214
WellsTimeMachine	24	3262	17930
WellsTimeMachine	25	3349	18655
WellsTimeMachine	26	3424	19409
WellsTimeMachine	27	3498	20138
WellsTimeMachine	28	3583	20852
WellsTimeMachine	29	3651	21600
WellsTimeMachine	3	804	2774
WellsTimeMachine	30	3722	22325
WellsTimeMachine	31	3798	23060
WellsTimeMachine	32	3858	23787
WellsTimeMachine	33	3948	24524
WellsTimeMachine	34	4019	25242
WellsTimeMachine	35	4076	26007
WellsTimeMachine	36	4129	26770
WellsTimeMachine	37	4180	27516
WellsTimeMachine	38	4241	28221
WellsTimeMachine	39	4295	28958
WellsTimeMachine	4	964	3495
WellsTimeMachine	40	4364	29684
WellsTimeMachine	41	4428	30422
WellsTimeMachine	42	4472	31165
WellsTimeMachine	43	4519	31918
WellsTimeMachine	44	4587	32659
WellsTimeMachine	45	4670	33337
WellsTimeMachine	46	4718	33994
WellsTimeMachine	47	4789	34625
WellsTimeMachine	48	4861	35257
WellsTimeMachine	49	4938	35850
WellsTimeMachine	5	1130	4243
WellsTimeMachine	6	1261	4955
WellsTimeMachine	7	1389	5722
WellsTimeMachine	8	1535	6416
WellsTimeMachine	9	1698	7135
WellsWarofTheWorlds	0	526	1232
WellsWarofTheWorlds	1	894	2516
WellsWarofTheWorlds	10	2805	14193
WellsWarofTheWorlds	11	2932	15524
WellsWarofTheWorlds	12	3069	16864
WellsWarofTheWorlds	13	3204	18163
WellsWarofTheWorlds	14	3342	19421
WellsWarofTheWorlds	15	3486	20695
WellsWarofTheWorlds	16	3621	21964
WellsWarofTheWorlds	17	3742	23218
WellsWarofTheWorlds	18	3874	24438
WellsWarofTheWorlds	19	3993	25688
WellsWarofTheWorlds	2	1176	3808
WellsWarofTheWorlds	20	4114	26907
WellsWarofTheWorlds	21	4208	28179
WellsWarofTheWorlds	22	4342	29420
WellsWarofTheWorlds	23	4444	30706
WellsWarofTheWorlds	24	4532	31986
WellsWarofTheWorlds	25	4645	33291
WellsWarofTheWorlds	26	4756	34534
WellsWarofTheWorlds	27	4880	35794
WellsWarofTheWorlds	28	4963	37052
WellsWarofTheWorlds	29	5048	38358
WellsWarofTheWorlds	3	1430	5105
WellsWarofTheWorlds	30	5149	39644
WellsWarofTheWorlds	31	5251	40906
WellsWarofTheWorlds	32	5412	42127
WellsWarofTheWorlds	33	5549	43371
WellsWarofTheWorlds	34	5649	44645
WellsWarofTheWorlds	35	5729	45983
WellsWarofTheWorlds	36	5817	47286
WellsWarofTheWorlds	37	5919	48596
WellsWarofTheWorlds	38	6006	49922
WellsWarofTheWorlds	39	6070	51286
WellsWarofTheWorlds	4	1686	6392
WellsWarofTheWorlds	40	6186	52653
WellsWarofTheWorlds	41	6273	53993
WellsWarofTheWorlds	42	6375	55269
WellsWarofTheWorlds	43	6438	56606
WellsWarofTheWorlds	44	6535	57891
WellsWarofTheWorlds	45	6624	59180
WellsWarofTheWorlds	46	6717	60453
WellsWarofTheWorlds	47	6822	61706
WellsWarofTheWorlds	48	6940	62854
WellsWarofTheWorlds	49	7057	63967
WellsWarofTheWorlds	5	1879	7657
WellsWarofTheWorlds	6	2084	8951
WellsWarofTheWorlds	7	2295	10214
WellsWarofTheWorlds	8	2493	11524
WellsWarofTheWorlds	9	2662	12872
